{
    money: 1062.37,
    shares: 0,
    bblr: 2.437656394998893,
    bstc: 1.7456607307313339,
    bzcm: 2.224798375236192,
    bacd: 4.98947691583174,
    badx: 1.741037580839965,
    sblr: 1.4727161392702957,
    sstc: -1.724932084539579,
    szcm: -0.634395510780844,
    sacd: -0.4507947084479588,
    sadx: -1.2335735338338496,
    samt: -3.8693115957363333,
    bamt: 4.1210102681428875
  }

  {
    money: 1062.37,
    shares: 0,
    bblr: 3.14365436689876,
    bstc: -2.623161214578779,
    bzcm: -3.372345547699903,
    bacd: 1.5851314420690674,
    badx: 1.0136191025718617,
    sblr: 4.3313904398495895,
    sstc: -0.6471381253838626,
    szcm: -1.9045491007092519,
    sacd: -3.7264699765135667,
    sadx: 1.2753695168402714,
    samt: 2.281767200075281,
    bamt: 0.3316600960285681
  }